       507.23826       507.23263       508.61291       509.49011       509.64263
       508.92110       507.37771       505.45372       504.06927       503.97406
       504.48934       505.44875       506.01670       506.51554       506.49379
       506.39240       506.24590       506.19894       506.47175       507.46755
       508.39252       508.53335       507.76815       506.43950       505.11515
       503.79646       503.15111       502.97445       503.62021       504.76270
       506.54979       507.92065       508.91335       509.38110       509.72161
       509.46248       508.55493       506.82070       504.72566       502.47121
       501.03541       500.95245       502.91520       505.58420       507.59895
       507.66600       506.70721       505.78293       506.32080       508.15066
       510.61824       511.57707       510.45682       507.80502       505.18880
       503.43297       503.37089       504.44045       505.58131       504.56518
       501.76249       499.28315       500.25803       504.32041       509.56277
       513.42674       515.38170       514.41691       511.19126       507.43452
       504.98676       504.52855       505.52305       505.82090       504.80269
       502.19943       500.53034       501.42448       505.17385       509.91960
       514.04325       515.40141       514.44269       511.47044       507.72760
       503.87973       500.29905       496.74510       493.60006       490.55764
       489.91365       492.92547       500.08568       508.83280       517.70660
       524.33335       528.49376       529.75495       529.44881       526.09152
       520.22277       513.42720       507.27598       501.98014       496.86565
       491.18545       486.48087       482.26038       480.17611       479.80920
       482.54265       487.74815       494.47691       500.91895       507.02712
       512.61102       518.33553       524.41279       530.44787       534.04012
       534.64119       531.82711       527.60050       521.87758       514.76004
       506.29824       497.03253       487.87967       481.54062       478.14532
       478.87909       482.35047       487.33454       492.03974       495.61683
       498.08866       501.16418       505.48120       511.19007       516.84433
       521.21653       522.93683       523.32122       522.54845       522.01561
       521.67761       521.21058       519.09086       514.92050       509.55191
       504.30738       499.65643       496.23414       493.10705       490.95765
       488.76111       486.68174       485.48022       486.27158       489.78182
       496.02602       503.14436       510.19906       515.65726       519.66557
       522.34761       524.82518       526.47598       526.91424       525.38334
       521.91614       516.23909       509.17599       501.99400       496.23353
       492.79635       492.15789       492.44720       493.64960       494.95308
       496.60336       499.12814       502.35636       505.63340       508.41345
       509.67989       509.83888       508.96101       508.24927       508.09070
       509.36718       511.29085       513.27275       514.07933       513.56637
       511.31240       508.29522       505.16269       503.09915       502.21663
       502.21156       502.27847       502.82794       503.64920       505.19548
       507.50115       510.14174       512.01336       512.61006       511.26476
       508.97493       505.88994       503.07173       500.98158       500.02355
       499.49051       499.25046       498.89579       499.87718       501.58473
       504.64816       507.64972       510.76146       512.92595       513.83182
       513.48576       512.76493       511.72158       510.87736       510.21379
       509.93707       509.14999       507.99601       505.91293       503.81017
       501.56265       499.77855       498.13929       497.60064       497.97953
       499.42836       501.40131       503.84133       505.86154       507.27863
       507.92181       508.28039       508.33633       508.64823       509.09586
       510.10725       510.76338       511.17409       510.43021       509.82428
       508.91839       508.35743       507.64656       507.19245       506.39211
       505.08994       503.36107       502.04042       500.91505       500.54401
       500.78761       501.67118       502.76854       503.97276       505.01699
       506.04865       506.68296       507.07420       506.96990       507.23087
       507.48985       508.28804       509.13435       510.84270       512.49247
       513.75327       513.69351       512.79885       510.74584       508.20435
       505.45865       503.60575       502.39685       502.06487       502.11909
       502.46970       502.65350       502.61934       502.61036       502.90351
       503.40093       504.15575       504.62992       505.19326       505.45552
       505.88335       506.38603       507.68119       509.42799       511.51208
       513.28914       515.24006       516.26009       516.62003       515.47473
       513.89742       511.37983       508.43200       505.10896       502.14181
       499.65227       497.96151       497.28361       497.71314       498.60927
       499.92003       501.14478       502.59746       504.07152       505.67400
       507.41450       509.80088       513.32579       518.33386       524.32879
       531.77607       539.25135       546.23641       551.17399       554.03469
       553.24279       548.62552       540.30176       529.96793       518.72061
       508.10490       498.49549       491.02575       485.97385       484.02715
       484.80955       487.76960       492.23102       497.35487       502.54873
       507.66539       512.13113       515.99430       518.35631       519.80376
       519.58238       518.19075       515.66698       512.87913       510.05690
       507.10850       504.39912       502.47402       500.87489       500.23924
       500.04769       500.64391       501.60277       502.69779       503.46175
       504.20646       504.71809       505.16628       505.54482       506.31496
       506.97964       507.85897       508.33669       509.21356       509.66260
       509.95100       509.94455       509.87934       509.53051       509.13765
       508.05055       507.28771       506.58306       506.24098       505.91790
       505.87740       505.59185       504.98467       504.28512       503.59064
       502.96646       502.68429       502.61629       503.22795       504.02662
       505.12588       506.17909       507.40742       508.55668       509.56158
       510.09024       510.66739       510.71625       510.51039       509.44567
       508.62446       507.47286       506.42085       505.28020       504.62608
       504.23507       504.12072       504.20613       504.73875       505.20988
       505.75253       506.01529       506.34643       506.45795       506.46850
       506.42632       506.46568       506.53006       506.65637       506.56249
       506.82892       506.81778       506.97332       506.66441       506.80743
       506.88332       506.99609       506.85278       506.95681       506.96551
       506.92554       506.58786       506.46750       506.10338       505.84041
       505.58822       505.65383       505.79634       505.97090       506.06460
       506.24801       506.28097       506.36697       506.17524       506.34609
       506.37843       506.47030       506.28650       506.21542       506.12905
       505.97689       505.80987       506.07819       506.39378       506.92349
       507.13102       507.54599       507.61498       507.48677       507.04277
       506.60787       506.14895       505.68614       505.21043       505.14374
       505.08752       505.31871       505.37866       505.73098       505.96855
       506.08869       506.04453       506.13816       506.28343       506.56383
       506.76511       507.32444       507.67311       507.98635       507.84852
       507.78031       507.51692       507.13420       506.64617       506.31419
       505.92669       505.58882       504.98087       504.82317       504.65568
       504.77116       504.93857       505.38206       505.86967       506.20864
       506.36516       506.56195       506.62835       506.77470       506.73198
       507.11082       507.37893       507.73017       507.80972       507.96315
       507.93624       507.67077       507.03181       506.57404       505.93994
       505.49397       504.88538       504.77130       504.78385       504.94447
       505.18944       505.58318       505.99168       506.34236       506.53504
       506.93049       507.09951       507.34989       507.25748       507.34236
       507.27755       507.12084       506.80692       506.71234       506.62127
       506.62778       506.35145       506.44099       506.29097       506.19593
       505.77959       505.61019       505.48075       505.36158       505.35947
       505.57377       505.79929       506.10842       506.20431       506.60930
       506.84231       507.19047       507.37044       507.72964       508.03139
       508.19308       508.03327       507.93902       507.55104       507.09816
       506.24709       505.72724       505.10731       504.63738       504.19728
       504.06027       504.15962       504.39472       504.71234       505.39563
       506.03783       506.83919       507.34769       508.00652       508.37950
       508.50750       508.31187       508.07870       507.70915       507.29136
       506.63028       506.38961       506.00892       505.85232       505.37226
       505.21540       504.99315       504.74901       504.47733       504.48063
       504.66170       505.03267       505.45331       506.22718       506.83298
       507.44937       507.74722       508.05040       508.11808       507.97818
       507.55408       507.24742       506.78875       506.41459       505.67293
       505.41839       505.11348       505.03919       504.94313       505.14929
       505.46990       505.69992       505.85725       506.13598       506.27443
       506.46136       506.48543       506.81429       507.05539       507.36361
       507.53202       507.77932       507.86974       507.76805       507.27556
       506.98455       506.46160       506.09234       505.43181       505.18466
       504.98050       504.85983       504.79188       504.92306       505.16090
       505.46565       505.73122       506.35750       506.84165       507.41765
       507.71804       508.09330       508.24625       508.17901       507.83646
       507.55108       507.15310       506.80499       506.17811       505.96400
       505.61653       505.45902       505.12437       505.12723       505.24449
       505.37505       505.53806       505.88056       506.13987       506.41065
       506.42407       506.66497       506.72731       506.84154       506.85901
       507.07560       507.29401       507.44392       507.31464       507.36385
       507.14058       506.92313       506.26116       505.95188       505.54354
       505.23213       504.94914       504.92994       505.07753       505.28398
       505.49522       506.00387       506.36584       506.82780       506.99174
       507.33147       507.48285       507.47429       507.25708       507.09476
       506.87618       506.68847       506.31305       506.37299       506.31777
       506.42016       506.22241       506.20994       506.09518       505.83014
       505.46415       505.28431       505.15439       505.18433       505.16862
       505.55526       505.84058       506.24857       506.48794       506.86231
       507.16103       507.31294       507.26193       507.33153       507.22169
       507.14815       506.69574       506.61562       506.39908       506.26231
       506.03094       505.98268       505.98807       505.93948       505.77914
       505.82628       505.73037       505.73354       505.53018       505.64110
       505.71280       505.84551       505.97430       506.25391       506.55441
       506.79119       506.83256       507.10875       507.16505       507.31544
       507.10641       507.15396       507.08325       506.91448       506.57860
       506.33856       506.07720       505.84889       505.48813       505.54931
       505.54721       505.75124       505.84466       506.14877       506.42338
       506.58529       506.63315       506.76212       506.80111       506.85292
       506.65069       506.76531       506.70284       506.73494       506.54348
       506.58529       506.62233       506.58503       506.40656       506.42006
       506.29311       506.23505       505.86324       505.81573       505.68423
       505.62867       505.59173       505.77300       506.04513       506.31580
       506.46385       506.81700       506.95227       507.11540       506.90912
       506.92762       506.79247       506.64208       506.37994       506.27851
       506.22970       506.19122       506.00671       506.14655       506.14646
       506.27272       506.13796       506.25356       506.28799       506.23474
       506.10459       506.07973       506.03833       506.03890       505.89394
       506.10722       506.19983       506.42931       506.45453       506.65952
       506.80066       506.79963       506.60354       506.57004       506.46975
       506.43178       506.16564       506.26516       506.23120       506.26529
       506.17223       506.24489       506.33096       506.34980       506.27641
       506.38873       506.38493       506.46507       506.25729       506.33943
       506.28796       506.24408       506.11008       506.12514       506.18309
       506.21581       506.10890       506.27532       506.30294       506.42924
       506.26888       506.38788       506.40761       506.40704       506.32182
       506.37014       506.41657       506.42820       506.27370       506.40308
       506.34730       506.43652       506.29958       506.41944       506.49281
       506.48297       506.36144       506.34137       506.26736       506.22794
       505.99577       506.14500       506.16056       506.31684       506.31358
       506.49435       506.64874       506.68262       506.57556       506.59468
       506.49907       506.44534       506.15554       506.19849       506.11941
       506.14540       506.05527       506.16231       506.30521       506.38849
       506.35526       506.52496       506.53713       506.63630       506.41729
       506.47777       506.40975       506.34472       506.20384       506.22863
       506.31153       506.40409       506.35189       506.57523       506.62634
       506.73243       506.51913       506.53694       506.46380       506.35858
       506.16818       506.12938       506.11413       506.10276       505.92515
       506.07372       506.06740       506.18786       506.09052       506.24819
       506.37609       506.42227       506.36391       506.43792       506.45844
       506.51382       506.33356       506.47534       506.47742       506.56375
       506.47412       506.55904       506.62164       506.57320       506.40131
       506.39473       506.29598       506.27550       506.02596       506.09933
       506.07622       506.10952       506.03076       506.11206       506.22487
       506.28355       506.25304       506.44475       506.50311       506.65678
       506.49220       506.60244       506.57129       506.50315       506.31472
       506.28196       506.28300       506.27308       506.10428       506.23686
       506.23084       506.33248       506.18186       506.27949       506.31199
       506.29248       506.20857       506.26927       506.32455       506.39283
       506.27534       506.44273       506.44139       506.55879       506.44803
       506.55815       506.62688       506.58714       506.44285       506.40176
       506.28513       506.20718       505.89144       505.95818       505.90015
       505.99565       505.96783       506.12641       506.31866       506.41378
       506.38457       506.50878       506.51587       506.58715       506.38593
       506.50097       506.48199       506.50919       506.40222       506.45381
       506.52217       506.52442       506.38737       506.48926       506.42701
       506.47045       506.21686       506.25624       506.20887       506.14857
       506.04554       506.07914       506.16368       506.25079       506.19141
       506.41482       506.46809       506.59766       506.45956       506.55114
       506.57079       506.54437       506.42749       506.44633       506.46255
       506.47563       506.27177       506.38545       506.30781       506.34093
       506.16634       506.22235       506.28534       506.26757       506.18126
       506.25006       506.26325       506.34000       506.16836       506.34197
       506.37600       506.48066       506.43670       506.56604       506.68858
       506.71879       506.58321       506.63028       506.52488       506.49561
       506.18109       506.18854       506.07912       506.01442       505.85438
       505.87168       505.94495       506.00032       505.95475       506.18452
       506.27659       506.48326       506.42397       506.62468       506.69779
       506.70522       506.61370       506.62855       506.64254       506.62893
       506.42329       506.49959       506.39453       506.40194       506.15850
       506.15229       506.11358       506.02101       505.87496       505.90363
       505.92965       506.00852       505.92805       506.17027       506.26974
       506.47244       506.48522       506.67332       506.81802       506.84777
       506.73646       506.75258       506.63932       506.58634       506.23587
       506.25314       506.12088       506.08547       505.93213       505.97499
       506.05968       506.09676       506.03455       506.18100       506.21581
       506.33165       506.22381       506.40072       506.48234       506.56783
       506.54682       506.64464       506.74444       506.76161       506.59385
       506.66993       506.57114       506.57246       506.27176       506.25553
       506.17945       506.07720       505.91543       505.90970       505.95446
       506.02945       505.96096       506.20217       506.28625       506.47142
       506.43422       506.59466       506.69910       506.71699       506.62309
       506.66421       506.64707       506.64629       506.39222       506.46526
       506.36352       506.36287       506.16383       506.20041       506.24929
       506.22611       506.12663       506.20211       506.19647       506.25517
       506.07976       506.22590       506.23394       506.30880       506.27212
       506.39786       506.52583       506.57845       506.48389       506.59067
       506.53930       506.57072       506.31913       506.36415       506.29993
       506.26160       506.11810       506.12446       506.17816       506.20253
       506.09355       506.25729       506.27761       506.39927       506.27170
       506.38885       506.42690       506.40505       506.31311       506.35518
       506.38525       506.42728       506.26261       506.41813       506.39213
       506.46397       506.30589       506.36256       506.39079       506.33451
       506.18670       506.20612       506.19725       506.23608       506.06271
       506.21567       506.22013       506.30124       506.22730       506.32700
       506.44881       506.48509       506.41298       506.50258       506.47670
       506.51743       506.27860       506.36602       506.32692       506.32786
       506.22381       506.27979       506.35729       506.37484       506.26476
       506.37869       506.35374       506.41688       506.21272       506.30099
       506.29391       506.28082       506.20523       506.27326       506.35136
       506.39035       506.26354       506.41348       506.39991       506.49420
       506.34575       506.44209       506.46669       506.41435       506.27693
       506.28285       506.28932       506.33687       506.17939       506.34769
       506.34993       506.43371       506.30288       506.38678       506.44036
       506.42791       506.32227       506.37956       506.37277       506.40367
       506.19624       506.31850       506.29275       506.33991       506.22568
       506.28906       506.37112       506.36984       506.27152       506.36654
       506.36186       506.42568       506.22404       506.32674       506.30944
       506.31595       506.22613       506.29078       506.37997       506.41947
       506.29096       506.40796       506.37362       506.44394       506.25588
       506.34405       506.34570       506.32608       506.20500       506.23191
       506.28622       506.32411       506.20294       506.36408       506.37142
       506.46847       506.32142       506.41014       506.44010       506.40629
       506.28589       506.30236       506.29043       506.30039       506.11461
       506.25976       506.25737       506.36010       506.25683       506.34942
       506.41097       506.39511       506.28488       506.34530       506.34990
       506.40200       506.21596       506.34965       506.33773       506.39004
       506.27729       506.34032       506.42036       506.41977       506.30736
       506.39065       506.36074       506.41351       506.19507       506.29911
       506.29255       506.29129       506.20300       506.25459       506.32342
       506.35833       506.24405       506.37991       506.36992       506.45134
       506.28563       506.38080       506.39128       506.37414       506.26462
       506.29710       506.32978       506.35895       506.21135       506.34819
       506.34111       506.42444       506.27592       506.36044       506.41189
       506.39029       506.29171       506.33842       506.34001       506.37277
       506.18276       506.30852       506.29264       506.35973       506.25660
       506.33521       506.40659       506.40182       506.29454       506.36143
       506.37068       506.42304       506.23472       506.34934       506.32852
       506.35967       506.24163       506.30324       506.37581       506.39341
       506.29084       506.40653       506.38529       506.44886       506.24775
       506.33123       506.32509       506.31481       506.21189       506.25516
       506.33007       506.37717       506.26226       506.41331       506.39590
       506.47412       506.31123       506.39703       506.39481       506.37010
       506.25398       506.28948       506.31210       506.34456       506.18207
       506.30840       506.27908       506.35445       506.21597       506.30447
       506.36453       506.35222       506.25319       506.31317       506.31660
       506.37250       506.20083       506.33818       506.36083       506.42179
       506.32093       506.39219       506.46179       506.44287       506.31579
       506.38068       506.35675       506.38829       506.18840       506.28458
       506.26810       506.28751       506.17751       506.22947       506.31172
       506.33819       506.23791       506.36069       506.36895       506.45813
       506.28053       506.39222       506.40194       506.39297       506.27890
       506.31333       506.35422       506.38201       506.22700       506.35576
       506.34012       506.40182       506.23204       506.29996       506.31761
       506.30053       506.19314       506.24673       506.28444       506.33481
       506.19846       506.35797       506.36718       506.45218       506.33350
       506.41848       506.46720       506.44635       506.32402       506.35831
       506.33087       506.35135       506.14153       506.25040       506.24058
       506.28372       506.18878       506.26831       506.34284       506.35338
       506.24926       506.34640       506.34269       506.41798       506.24893
       506.37023       506.36721       506.39778       506.29926       506.35705
       506.42684       506.44349       506.31634       506.42433       506.39696
       506.45602       506.24870       506.32107       506.30799       506.27477
       506.16389       506.20038       506.25519       506.31207       506.19567
       506.36828       506.37294       506.46395       506.31311       506.40400
       506.43533       506.41173       506.30917       506.36396       506.38147
       506.40727       506.23286       506.36521       506.34087       506.40553
       506.26113       506.31702       506.35852       506.32233       506.19972
       506.24900       506.24849       506.30891       506.15775       506.31362
       506.33165       506.38978       506.30823       506.37279       506.43458
       506.43389       506.30750       506.39797       506.38064       506.43872
       506.24368       506.32962       506.31130       506.30000       506.17367
       506.19809       506.25707       506.28598       506.17814       506.30047
       506.29705       506.38173       506.22097       506.33180       506.37336
       506.38548       506.31794       506.37097       506.41647       506.43676
       506.26863       506.38722       506.36441       506.43167       506.27972
       506.34361       506.36897       506.33386       506.20646       506.24241
       506.25680       506.29449       506.13668       506.27659       506.27937
       506.36120       506.26312       506.35673       506.43696       506.43897
       506.34402       506.41277       506.40356       506.44945       506.24226
       506.34641       506.32920       506.34876       506.22484       506.27040
       506.31833       506.32027       506.20398       506.30480       506.29941
       506.37548       506.20598       506.32676       506.35544       506.38799
       506.29884       506.35908       506.42356       506.43613       506.30151
