       507.23826       507.23263       508.61291       509.49011       509.64263
       508.92110       507.37771       505.45372       504.06927       503.97406
       504.48934       505.44875       506.01670       506.51554       506.49379
       506.39240       506.24590       506.19894       506.47175       507.46755
       508.39252       508.53335       507.76815       506.43950       505.11515
       503.79646       503.15111       502.97445       503.62021       504.76270
       506.54979       507.92065       508.91335       509.38110       509.72161
       509.46248       508.55493       506.82070       504.72566       502.47121
       501.03541       500.95245       502.91520       505.58420       507.59895
       507.66600       506.70721       505.78293       506.32080       508.15066
       510.61824       511.57707       510.45682       507.80502       505.18880
       503.43297       503.37089       504.44045       505.58131       504.56518
       501.76249       499.28315       500.25803       504.32041       509.56277
       513.42674       515.38170       514.41691       511.19126       507.43452
       504.98676       504.52855       505.52305       505.82090       504.80269
       502.19943       500.53034       501.42448       505.17385       509.91960
       514.04325       515.40141       514.44269       511.47044       507.72760
       503.87973       500.29905       496.74510       493.60006       490.55764
       489.91365       492.92547       500.08568       508.83280       517.70660
       524.33335       528.49376       529.75495       529.44881       526.09152
       520.22277       513.42720       507.27598       501.98014       496.86565
       491.18545       486.48087       482.26038       480.17611       479.80920
       482.54265       487.74815       494.47691       500.91895       507.02712
       512.61102       518.33553       524.41279       530.44787       534.04012
       534.64119       531.82711       527.60050       521.87758       514.76004
       506.29824       497.03253       487.87967       481.54062       478.14532
       478.87909       482.35047       487.33454       492.03974       495.61683
       498.08866       501.16418       505.48120       511.19007       516.84433
       521.21653       522.93683       523.32122       522.54845       522.01561
       521.67761       521.21058       519.09086       514.92050       509.55191
       504.30738       499.65643       496.23414       493.10705       490.95765
       488.76111       486.68174       485.48022       486.27158       489.78182
       496.02602       503.14436       510.19906       515.65726       519.66557
       522.34761       524.82518       526.47598       526.91424       525.38334
       521.91614       516.23909       509.17599       501.99400       496.23353
       492.79635       492.15789       492.44720       493.64960       494.95308
       496.60336       499.12814       502.35636       505.63340       508.41345
       509.67989       509.83888       508.96101       508.24927       508.09070
       509.36718       511.29085       513.27275       514.07933       513.56637
       511.31240       508.29522       505.16269       503.09915       502.21663
       502.21156       502.27847       502.82794       503.64920       505.19548
       507.50115       510.14174       512.01336       512.61006       511.26476
       508.97493       505.88994       503.07173       500.98158       500.02355
       499.49051       499.25046       498.89579       499.87718       501.58473
       504.64816       507.64972       510.76146       512.92595       513.83182
       513.48576       512.76493       511.72158       510.87736       510.21379
       509.93707       509.14999       507.99601       505.91293       503.81017
       501.56265       499.77855       498.13929       497.60064       497.97953
       499.42836       501.40131       503.84133       505.86154       507.27863
       507.92181       508.28039       508.33633       508.64823       509.09586
       510.10725       510.76338       511.17409       510.43021       509.82428
       508.91839       508.35743       507.64656       507.19245       506.39211
       505.08994       503.36107       502.04042       500.91505       500.54401
       500.78761       501.67118       502.76854       503.97276       505.01699
       506.04865       506.68296       507.07420       506.96990       507.23087
       507.48985       508.28804       509.13435       510.84270       512.49247
       513.75327       513.69351       512.79885       510.74584       508.20435
       505.45865       503.60575       502.39685       502.06487       502.11909
       502.46970       502.65350       502.61934       502.61036       502.90351
       503.40093       504.15575       504.62992       505.19326       505.45552
       505.88335       506.38603       507.68119       509.42799       511.51208
       513.28914       515.24006       516.26009       516.62003       515.47473
       513.89742       511.37983       508.43200       505.10896       502.14181
       499.65227       497.96151       497.28361       497.71314       498.60927
       499.92003       506.34150       506.34150       506.34150       506.34150
       506.34150       506.34150       506.34150       506.34150       506.34150
       506.34150       506.34150       506.34150       506.34150       506.34150
       506.34150       506.34150       506.34150       506.34150       506.34150
       506.34150       506.34150       506.34150       506.34150       506.34150
       506.34150       506.34150       506.34150       506.34150       506.34150
       506.34150       506.34150       506.34150       506.34150       506.34150
       506.34150       506.34150       506.34150       506.34150       506.34150
       506.34150       506.34150       506.34150       506.34150       506.34150
       506.34150       506.34150       506.34150       506.34150       506.34150
       506.34150       506.34150       506.34150       506.34150       506.34150
       506.34150       506.34150       506.34150       506.34150       506.34150
       506.34150       506.34150       506.34150       506.34150       506.34150
       506.34150       506.34150       506.34150       506.34150       506.34150
       506.34150       506.34150       506.34150       506.34150       506.34150
       506.34150       506.34150       506.34150       506.34150       506.34150
       506.34150       506.34150       506.34150       506.34150       506.34150
       506.34150       506.34150       506.34150       506.34150       506.34150
       506.34150       506.34150       506.34150       506.34150       506.34150
       506.34150       506.34150       506.34150       506.34150       506.34150
       506.34150       506.34150       506.34150       506.34150       506.34150
       506.34150       506.34150       506.34150       506.34150       506.34150
       506.34150       506.34150       506.34150       506.34150       506.34150
       506.34150       506.34150       506.34150       506.34150       506.34150
       506.34150       506.34150       506.34150       506.34150       506.34150
       506.34150       506.34150       506.34150       506.34150       506.34150
       506.34150       506.34150       506.34150       506.34150       506.34150
       506.34150       506.34150       506.34150       506.34150       506.34150
       506.34150       506.34150       506.34150       506.34150       506.34150
       506.34150       506.34150       506.34150       506.34150       506.34150
       506.34150       506.34150       506.34150       506.34150       506.34150
       506.34150       506.34150       506.34150       506.34150       506.34150
       506.34150       506.34150       506.34150       506.34150       506.34150
       506.34150       506.34150       506.34150       506.34150       506.34150
       506.34150       506.34150       506.34150       506.34150       506.34150
       506.34150       506.34150       506.34150       506.34150       506.34150
       506.34150       506.34150       506.34150       506.34150       506.34150
       506.34150       506.34150       506.34150       506.34150       506.34150
       506.34150       506.34150       506.34150       506.34150       506.34150
       506.34150       506.34150       506.34150       506.34150       506.34150
       506.34150       506.34150       506.34150       506.34150       506.34150
       506.34150       506.34150       506.34150       506.34150       506.34150
       506.34150       506.34150       506.34150       506.34150       506.34150
       506.34150       506.34150       506.34150       506.34150       506.34150
       506.34150       506.34150       506.34150       506.34150       506.34150
       506.34150       506.34150       506.34150       506.34150       506.34150
       506.34150       506.34150       506.34150       506.34150       506.34150
       506.34150       506.34150       506.34150       506.34150       506.34150
       506.34150       506.34150       506.34150       506.34150       506.34150
       506.34150       506.34150       506.34150       506.34150       506.34150
       506.34150       506.34150       506.34150       506.34150       506.34150
       506.34150       506.34150       506.34150       506.34150       506.34150
       506.34150       506.34150       506.34150       506.34150       506.34150
       506.34150       506.34150       506.34150       506.34150       506.34150
       506.34150       506.34150       506.34150       506.34150       506.34150
       506.34150       506.34150       506.34150       506.34150       506.34150
       506.34150       506.34150       506.34150       506.34150       506.34150
       506.34150       506.34150       506.34150       506.34150       506.34150
       506.34150       506.34150       506.34150       506.34150       506.34150
       506.34150       506.34150       506.34150       506.34150       506.34150
       506.34150       506.34150       506.34150       506.34150       506.34150
       506.34150       506.34150       506.34150       506.34150       506.34150
       506.34150       506.34150       506.34150       506.34150       506.34150
       506.34150       506.34150       506.34150       506.34150       506.34150
       506.34150       506.34150       506.34150       506.34150       506.34150
       506.34150       506.34150       506.34150       506.34150       506.34150
       506.34150       506.34150       506.34150       506.34150       506.34150
       506.34150       506.34150       506.34150       506.34150       506.34150
       506.34150       506.34150       506.34150       506.34150       506.34150
       506.34150       506.34150       506.34150       506.34150       506.34150
       506.34150       506.34150       506.34150       506.34150       506.34150
       506.34150       506.34150       506.34150       506.34150       506.34150
       506.34150       506.34150       506.34150       506.34150       506.34150
       506.34150       506.34150       506.34150       506.34150       506.34150
       506.34150       506.34150       506.34150       506.34150       506.34150
       506.34150       506.34150       506.34150       506.34150       506.34150
       506.34150       506.34150       506.34150       506.34150       506.34150
       506.34150       506.34150       506.34150       506.34150       506.34150
       506.34150       506.34150       506.34150       506.34150       506.34150
       506.34150       506.34150       506.34150       506.34150       506.34150
       506.34150       506.34150       506.34150       506.34150       506.34150
       506.34150       506.34150       506.34150       506.34150       506.34150
       506.34150       506.34150       506.34150       506.34150       506.34150
       506.34150       506.34150       506.34150       506.34150       506.34150
       506.34150       506.34150       506.34150       506.34150       506.34150
       506.34150       506.34150       506.34150       506.34150       506.34150
       506.34150       506.34150       506.34150       506.34150       506.34150
       506.34150       506.34150       506.34150       506.34150       506.34150
       506.34150       506.34150       506.34150       506.34150       506.34150
       506.34150       506.34150       506.34150       506.34150       506.34150
       506.34150       506.34150       506.34150       506.34150       506.34150
       506.34150       506.34150       506.34150       506.34150       506.34150
       506.34150       506.34150       506.34150       506.34150       506.34150
       506.34150       506.34150       506.34150       506.34150       506.34150
       506.34150       506.34150       506.34150       506.34150       506.34150
       506.34150       506.34150       506.34150       506.34150       506.34150
       506.34150       506.34150       506.34150       506.34150       506.34150
       506.34150       506.34150       506.34150       506.34150       506.34150
       506.34150       506.34150       506.34150       506.34150       506.34150
       506.34150       506.34150       506.34150       506.34150       506.34150
       506.34150       506.34150       506.34150       506.34150       506.34150
       506.34150       506.34150       506.34150       506.34150       506.34150
       506.34150       506.34150       506.34150       506.34150       506.34150
       506.34150       506.34150       506.34150       506.34150       506.34150
       506.34150       506.34150       506.34150       506.34150       506.34150
       506.34150       506.34150       506.34150       506.34150       506.34150
       506.34150       506.34150       506.34150       506.34150       506.34150
       506.34150       506.34150       506.34150       506.34150       506.34150
       506.34150       506.34150       506.34150       506.34150       506.34150
       506.34150       506.34150       506.34150       506.34150       506.34150
       506.34150       506.34150       506.34150       506.34150       506.34150
       506.34150       506.34150       506.34150       506.34150       506.34150
       506.34150       506.34150       506.34150       506.34150       506.34150
       506.34150       506.34150       506.34150       506.34150       506.34150
       506.34150       506.34150       506.34150       506.34150       506.34150
       506.34150       506.34150       506.34150       506.34150       506.34150
       506.34150       506.34150       506.34150       506.34150       506.34150
       506.34150       506.34150       506.34150       506.34150       506.34150
       506.34150       506.34150       506.34150       506.34150       506.34150
       506.34150       506.34150       506.34150       506.34150       506.34150
       506.34150       506.34150       506.34150       506.34150       506.34150
       506.34150       506.34150       506.34150       506.34150       506.34150
       506.34150       506.34150       506.34150       506.34150       506.34150
       506.34150       506.34150       506.34150       506.34150       506.34150
       506.34150       506.34150       506.34150       506.34150       506.34150
       506.34150       506.34150       506.34150       506.34150       506.34150
       506.34150       506.34150       506.34150       506.34150       506.34150
       506.34150       506.34150       506.34150       506.34150       506.34150
       506.34150       506.34150       506.34150       506.34150       506.34150
       506.34150       506.34150       506.34150       506.34150       506.34150
       506.34150       506.34150       506.34150       506.34150       506.34150
       506.34150       506.34150       506.34150       506.34150       506.34150
       506.34150       506.34150       506.34150       506.34150       506.34150
       506.34150       506.34150       506.34150       506.34150       506.34150
       506.34150       506.34150       506.34150       506.34150       506.34150
       506.34150       506.34150       506.34150       506.34150       506.34150
       506.34150       506.34150       506.34150       506.34150       506.34150
       506.34150       506.34150       506.34150       506.34150       506.34150
       506.34150       506.34150       506.34150       506.34150       506.34150
       506.34150       506.34150       506.34150       506.34150       506.34150
       506.34150       506.34150       506.34150       506.34150       506.34150
       506.34150       506.34150       506.34150       506.34150       506.34150
       506.34150       506.34150       506.34150       506.34150       506.34150
       506.34150       506.34150       506.34150       506.34150       506.34150
       506.34150       506.34150       506.34150       506.34150       506.34150
       506.34150       506.34150       506.34150       506.34150       506.34150
       506.34150       506.34150       506.34150       506.34150       506.34150
       506.34150       506.34150       506.34150       506.34150       506.34150
       506.34150       506.34150       506.34150       506.34150       506.34150
       506.34150       506.34150       506.34150       506.34150       506.34150
       506.34150       506.34150       506.34150       506.34150       506.34150
       506.34150       506.34150       506.34150       506.34150       506.34150
       506.34150       506.34150       506.34150       506.34150       506.34150
       506.34150       506.34150       506.34150       506.34150       506.34150
       506.34150       506.34150       506.34150       506.34150       506.34150
       506.34150       506.34150       506.34150       506.34150       506.34150
       506.34150       506.34150       506.34150       506.34150       506.34150
       506.34150       506.34150       506.34150       506.34150       506.34150
       506.34150       506.34150       506.34150       506.34150       506.34150
       506.34150       506.34150       506.34150       506.34150       506.34150
       506.34150       506.34150       506.34150       506.34150       506.34150
       506.34150       506.34150       506.34150       506.34150       506.34150
       506.34150       506.34150       506.34150       506.34150       506.34150
       506.34150       506.34150       506.34150       506.34150       506.34150
       506.34150       506.34150       506.34150       506.34150       506.34150
       506.34150       506.34150       506.34150       506.34150       506.34150
       506.34150       506.34150       506.34150       506.34150       506.34150
       506.34150       506.34150       506.34150       506.34150       506.34150
       506.34150       506.34150       506.34150       506.34150       506.34150
       506.34150       506.34150       506.34150       506.34150       506.34150
       506.34150       506.34150       506.34150       506.34150       506.34150
       506.34150       506.34150       506.34150       506.34150       506.34150
       506.34150       506.34150       506.34150       506.34150       506.34150
       506.34150       506.34150       506.34150       506.34150       506.34150
       506.34150       506.34150       506.34150       506.34150       506.34150
       506.34150       506.34150       506.34150       506.34150       506.34150
       506.34150       506.34150       506.34150       506.34150       506.34150
       506.34150       506.34150       506.34150       506.34150       506.34150
       506.34150       506.34150       506.34150       506.34150       506.34150
       506.34150       506.34150       506.34150       506.34150       506.34150
       506.34150       506.34150       506.34150       506.34150       506.34150
       506.34150       506.34150       506.34150       506.34150       506.34150
       506.34150       506.34150       506.34150       506.34150       506.34150
       506.34150       506.34150       506.34150       506.34150       506.34150
       506.34150       506.34150       506.34150       506.34150       506.34150
       506.34150       506.34150       506.34150       506.34150       506.34150
       506.34150       506.34150       506.34150       506.34150       506.34150
       506.34150       506.34150       506.34150       506.34150       506.34150
       506.34150       506.34150       506.34150       506.34150       506.34150
       506.34150       506.34150       506.34150       506.34150       506.34150
       506.34150       506.34150       506.34150       506.34150       506.34150
       506.34150       506.34150       506.34150       506.34150       506.34150
       506.34150       506.34150       506.34150       506.34150       506.34150
       506.34150       506.34150       506.34150       506.34150       506.34150
       506.34150       506.34150       506.34150       506.34150       506.34150
       506.34150       506.34150       506.34150       506.34150       506.34150
       506.34150       506.34150       506.34150       506.34150       506.34150
       506.34150       506.34150       506.34150       506.34150       506.34150
       506.34150       506.34150       506.34150       506.34150       506.34150
       506.34150       506.34150       506.34150       506.34150       506.34150
       506.34150       506.34150       506.34150       506.34150       506.34150
       506.34150       506.34150       506.34150       506.34150       506.34150
       506.34150       506.34150       506.34150       506.34150       506.34150
       506.34150       506.34150       506.34150       506.34150       506.34150
       506.34150       506.34150       506.34150       506.34150       506.34150
       506.34150       506.34150       506.34150       506.34150       506.34150
       506.34150       506.34150       506.34150       506.34150       506.34150
       506.34150       506.34150       506.34150       506.34150       506.34150
       506.34150       506.34150       506.34150       506.34150       506.34150
       506.34150       506.34150       506.34150       506.34150       506.34150
       506.34150       506.34150       506.34150       506.34150       506.34150
       506.34150       506.34150       506.34150       506.34150       506.34150
       506.34150       506.34150       506.34150       506.34150       506.34150
       506.34150       506.34150       506.34150       506.34150       506.34150
       506.34150       506.34150       506.34150       506.34150       506.34150
       506.34150       506.34150       506.34150       506.34150       506.34150
       506.34150       506.34150       506.34150       506.34150       506.34150
       506.34150       506.34150       506.34150       506.34150       506.34150
       506.34150       506.34150       506.34150       506.34150       506.34150
       506.34150       506.34150       506.34150       506.34150       506.34150
       506.34150       506.34150       506.34150       506.34150       506.34150
       506.34150       506.34150       506.34150       506.34150       506.34150
       506.34150       506.34150       506.34150       506.34150       506.34150
       506.34150       506.34150       506.34150       506.34150       506.34150
       506.34150       506.34150       506.34150       506.34150       506.34150
       506.34150       506.34150       506.34150       506.34150       506.34150
       506.34150       506.34150       506.34150       506.34150       506.34150
       506.34150       506.34150       506.34150       506.34150       506.34150
       506.34150       506.34150       506.34150       506.34150       506.34150
       506.34150       506.34150       506.34150       506.34150       506.34150
       506.34150       506.34150       506.34150       506.34150       506.34150
       506.34150       506.34150       506.34150       506.34150       506.34150
       506.34150       506.34150       506.34150       506.34150       506.34150
       506.34150       506.34150       506.34150       506.34150       506.34150
       506.34150       506.34150       506.34150       506.34150       506.34150
       506.34150       506.34150       506.34150       506.34150       506.34150
       506.34150       506.34150       506.34150       506.34150       506.34150
       506.34150       506.34150       506.34150       506.34150       506.34150
       506.34150       506.34150       506.34150       506.34150       506.34150
       506.34150       506.34150       506.34150       506.34150       506.34150
       506.34150       506.34150       506.34150       506.34150       506.34150
       506.34150       506.34150       506.34150       506.34150       506.34150
       506.34150       506.34150       506.34150       506.34150       506.34150
       506.34150       506.34150       506.34150       506.34150       506.34150
       506.34150       506.34150       506.34150       506.34150       506.34150
       506.34150       506.34150       506.34150       506.34150       506.34150
       506.34150       506.34150       506.34150       506.34150       506.34150
       506.34150       506.34150       506.34150       506.34150       506.34150
       506.34150       506.34150       506.34150       506.34150       506.34150
       506.34150       506.34150       506.34150       506.34150       506.34150
       506.34150       506.34150       506.34150       506.34150       506.34150
       506.34150       506.34150       506.34150       506.34150       506.34150
       506.34150       506.34150       506.34150       506.34150       506.34150
       506.34150       506.34150       506.34150       506.34150       506.34150
