       0.0000000       0.0000000       0.0000000       0.0000000       0.0000000
       0.0000000       0.0000000       0.0000000       0.0000000       0.0000000
       0.0000000       0.0000000       0.0000000       0.0000000       0.0000000
       0.0000000       0.0000000       0.0000000       0.0000000       0.0000000
       0.0000000       0.0000000       0.0000000       0.0000000       0.0000000
       0.0000000       0.0000000       0.0000000       0.0000000       0.0000000
       0.0000000       0.0000000       0.0000000       0.0000000       0.0000000
       0.0000000       0.0000000       0.0000000       0.0000000       0.0000000
       0.0000000       0.0000000       0.0000000       0.0000000       0.0000000
       0.0000000       0.0000000       0.0000000       0.0000000       0.0000000
       0.0000000       0.0000000       0.0000000       0.0000000       0.0000000
       0.0000000       0.0000000       0.0000000       0.0000000       0.0000000
       0.0000000       0.0000000       0.0000000       0.0000000       0.0000000
       0.0000000       0.0000000       0.0000000       0.0000000       0.0000000
       0.0000000       0.0000000       0.0000000       0.0000000       0.0000000
       0.0000000       0.0000000       0.0000000       0.0000000       0.0000000
       0.0000000       0.0000000       0.0000000       0.0000000       0.0000000
       0.0000000       0.0000000       0.0000000       0.0000000       0.0000000
       0.0000000       0.0000000       0.0000000       0.0000000       0.0000000
       0.0000000       0.0000000       0.0000000       0.0000000       0.0000000
       0.0000000       0.0000000       0.0000000       0.0000000       0.0000000
       0.0000000       0.0000000       0.0000000       0.0000000       0.0000000
       0.0000000       0.0000000       0.0000000       0.0000000       0.0000000
       0.0000000       0.0000000       0.0000000       0.0000000       0.0000000
       0.0000000       0.0000000       0.0000000       0.0000000       0.0000000
       0.0000000       0.0000000       0.0000000       0.0000000       0.0000000
       0.0000000       0.0000000       0.0000000       0.0000000       0.0000000
       0.0000000       0.0000000       0.0000000       0.0000000       0.0000000
       0.0000000       0.0000000       0.0000000       0.0000000       0.0000000
       0.0000000       0.0000000       0.0000000       0.0000000       0.0000000
       0.0000000       0.0000000       0.0000000       0.0000000       0.0000000
       0.0000000       0.0000000       0.0000000       0.0000000       0.0000000
       0.0000000       0.0000000       0.0000000       0.0000000       0.0000000
       0.0000000       0.0000000       0.0000000       0.0000000       0.0000000
       0.0000000       0.0000000       0.0000000       0.0000000       0.0000000
       0.0000000       0.0000000       0.0000000       0.0000000       0.0000000
       0.0000000       0.0000000       0.0000000       0.0000000       0.0000000
       0.0000000       0.0000000       0.0000000       0.0000000       0.0000000
       0.0000000       0.0000000       0.0000000       0.0000000       0.0000000
       0.0000000       0.0000000       0.0000000       0.0000000       0.0000000
       0.0000000       0.0000000       0.0000000       0.0000000       0.0000000
       0.0000000       0.0000000       0.0000000       0.0000000       0.0000000
       0.0000000       0.0000000       0.0000000       0.0000000       0.0000000
       0.0000000       0.0000000       0.0000000       0.0000000       0.0000000
       0.0000000       0.0000000       0.0000000       0.0000000       0.0000000
       0.0000000       0.0000000       0.0000000       0.0000000       0.0000000
       0.0000000       0.0000000       0.0000000       0.0000000       0.0000000
       0.0000000       0.0000000       0.0000000       0.0000000       0.0000000
       0.0000000       0.0000000       0.0000000       0.0000000       0.0000000
       0.0000000       0.0000000       0.0000000       0.0000000       0.0000000
       0.0000000       0.0000000       0.0000000       0.0000000       0.0000000
       0.0000000       0.0000000       0.0000000       0.0000000       0.0000000
       0.0000000       0.0000000       0.0000000       0.0000000       0.0000000
       0.0000000       0.0000000       0.0000000       0.0000000       0.0000000
       0.0000000       0.0000000       0.0000000       0.0000000       0.0000000
       0.0000000       0.0000000       0.0000000       0.0000000       0.0000000
       0.0000000       0.0000000       0.0000000       0.0000000       0.0000000
       0.0000000       0.0000000       0.0000000       0.0000000       0.0000000
       0.0000000       0.0000000       0.0000000       0.0000000       0.0000000
       0.0000000       0.0000000       0.0000000       0.0000000       0.0000000
       0.0000000       0.0000000       0.0000000       0.0000000       0.0000000
       0.0000000       0.0000000       0.0000000       0.0000000       0.0000000
       0.0000000       0.0000000       0.0000000       0.0000000       0.0000000
       0.0000000       0.0000000       0.0000000       0.0000000       0.0000000
       0.0000000      -5.1967172      -3.7440364      -2.2699720     -0.66750108
       1.0730072       3.4593856       6.9842979       11.992364       17.987293
       25.434571       32.909854       39.894911       44.832491       47.693190
       46.901292       42.284029       33.960266       23.626436       12.379118
       1.7634050      -7.8460032      -15.315749      -20.367650      -22.314349
      -21.531947      -18.571900      -14.110476      -8.9866289      -3.7927625
       1.3238913       5.7896340       9.6528005       12.014816       13.462260
       13.240885       11.849255       9.3254864       6.5376364       3.7154011
      0.76700150      -1.9423720      -3.8674770      -5.4666072      -6.1022595
      -6.2938084      -5.6975825      -4.7387244      -3.6437098      -2.8797413
      -2.1350345      -1.6234098      -1.1752133     -0.79667509    -0.026536792
      0.63814351       1.5174718       1.9951929       2.8720682       3.3211074
       3.6095067       3.6030510       3.5378471       3.1890140       2.7961499
       1.7090508      0.94621086      0.24156247     -0.10051389     -0.42359938
     -0.46409416     -0.74964937      -1.3568304      -2.0563774      -2.7508532
      -3.3750387      -3.6572081      -3.7252110      -3.1135457      -2.3148759
      -1.2156178     -0.16240726       1.0659195       2.2151829       3.2200886
       3.7487480       4.3258927       4.3747543       4.1688946       3.1041721
       2.2829601       1.1313643     0.079357599      -1.0612982      -1.7154146
      -2.1064278      -2.2207793      -2.1353656      -1.6027486      -1.1316186
     -0.58896437     -0.32620724    0.0049290556      0.11645148      0.12700029
     0.084820106      0.12418627      0.18856260      0.31487744      0.22099154
      0.48742044      0.47628475      0.63182325      0.32291319      0.46593157
      0.54181979      0.65459122      0.51128693      0.61531534      0.62401322
      0.58404512      0.24636285      0.12600711     -0.23811490     -0.50108271
     -0.75327599     -0.68766571     -0.54515898     -0.37059951     -0.27689419
    -0.093486366    -0.060530743     0.025469889     -0.16625960    0.0045979946
     0.036936640      0.12880608    -0.054992995     -0.12608083     -0.21244262
     -0.36461032     -0.53163062     -0.26330564     0.052285834      0.58199856
      0.78952870       1.2044987       1.2734798       1.1452688      0.70127083
      0.26637700     -0.19254886     -0.65535716      -1.1310618      -1.1977555
      -1.2539757      -1.0227898     -0.96283764     -0.61051344     -0.37294704
     -0.25280197     -0.29696853     -0.20333844    -0.058062833      0.22233083
      0.42361595      0.98294359       1.3316111       1.6448550       1.5070283
       1.4388147       1.1754255      0.79270387      0.30467474    -0.027304252
     -0.41481121     -0.75267406      -1.3606225      -1.5183280      -1.6858148
      -1.5703347      -1.4029231     -0.95943674     -0.47182895     -0.13285253
     0.023664101      0.22044980      0.28685764      0.43320167      0.39047975
      0.76931893       1.0374332       1.3886740       1.4682189       1.6216506
       1.5947444       1.3292786      0.69031572      0.23254858     -0.40155372
     -0.84752305      -1.4561186      -1.5701992      -1.5576490      -1.3970242
      -1.1520541     -0.75831715     -0.34981791   0.00086603362      0.19354357
      0.58899599      0.75801770       1.0083901      0.91597897       1.0008660
      0.93605331      0.77934105      0.46541993      0.37084181      0.27976992
      0.28628580    0.0099551643     0.099492130    -0.050523670     -0.14556829
     -0.56190766     -0.73130558     -0.86075045     -0.97991738     -0.98202413
     -0.76772229     -0.54220952     -0.23307374     -0.13718642      0.26780658
      0.50081336      0.84896920       1.0289460       1.3881473       1.6898944
       1.8515876       1.6917754       1.5975283       1.2095398      0.75666336
    -0.094404308     -0.61426045      -1.2341873      -1.7041134      -2.1442139
      -2.2812281      -2.1818797      -1.9467812      -1.6291582     -0.94586323
     -0.30366499      0.49769838       1.0061931       1.6650196       2.0380051
       2.1660053       1.9703783       1.7372060       1.3676516      0.94986758
      0.28878381     0.048117474     -0.33257264     -0.48917956     -0.96923313
      -1.1260959      -1.3483432      -1.5924857      -1.8641664      -1.8608708
      -1.6797955      -1.3088265     -0.88818337     -0.11431312      0.49148346
       1.1078740       1.4057236       1.7089003       1.7765872       1.6366838
       1.2125796      0.90592675      0.44725672     0.073097536     -0.66856951
     -0.92311031      -1.2280175      -1.3023106      -1.3983635      -1.1922028
     -0.87160022     -0.64157298     -0.48424374     -0.20552044    -0.067061675
      0.11986743      0.14392955      0.47279356      0.71389630       1.0221141
       1.1905189       1.4378215       1.5282463       1.4265504      0.93406694
      0.64304923      0.12010820     -0.24916030     -0.90968729      -1.1568394
      -1.3609987      -1.4816705      -1.5496133      -1.4184378      -1.1806006
     -0.87584382     -0.61027267     0.016004553      0.50015124       1.0761523
       1.3765451       1.7518028       1.9047530       1.8375175       1.4949596
       1.2095850      0.81160445      0.46349376     -0.16338539     -0.37749160
     -0.72497027     -0.88248009      -1.2171226      -1.2142635      -1.0970077
     -0.96644921     -0.80343174     -0.46093404     -0.20162294     0.069154899
     0.082577920      0.32346998      0.38581479      0.50004591      0.51751690
      0.73410607      0.95251607       1.1024265      0.97314719       1.0223549
      0.79908432      0.58163741    -0.080334213     -0.38962048     -0.79795419
      -1.1093622      -1.3923593      -1.4115608      -1.2639678      -1.0575211
     -0.84627405     -0.33762884     0.024341272      0.48630687      0.65024228
      0.98997112       1.1413563       1.1327939      0.91558772      0.75326246
      0.53468693      0.34697531    -0.028447918     0.031489181    -0.023722774
     0.078665381     -0.11908340     -0.13155839     -0.24631619     -0.51136065
     -0.87734864      -1.0571900      -1.1871014      -1.1571705      -1.1728808
     -0.78623161     -0.50091718    -0.092929581      0.14644261      0.52081246
      0.81953487      0.97144674      0.92043325      0.99003131      0.88019428
      0.80665358      0.35424361      0.27412683     0.057582811    -0.079190548
     -0.31055708     -0.35881675     -0.35342948     -0.40202022     -0.56235910
     -0.51521300     -0.61113042     -0.60795524     -0.81131701     -0.70039651
     -0.62869170     -0.49598136     -0.36719861    -0.087587460      0.21291064
      0.44969453      0.49106211      0.76725732      0.82355274      0.97394475
      0.76490979      0.81246220      0.74175057      0.57298467      0.23710819
   -0.0029411685     -0.26429882     -0.49261056     -0.85336177     -0.79219071
     -0.79428242     -0.59025852     -0.49683911     -0.19272944     0.081885702
      0.24378960      0.29165802      0.42062135      0.45961131      0.51142237
      0.30918921      0.42381157      0.36134637      0.39344425      0.20198562
      0.24378960      0.28083834      0.24353378     0.065061781     0.078560043
    -0.048386822     -0.10644289     -0.47825455     -0.52576181     -0.65726829
     -0.71282635     -0.74976975     -0.56849878     -0.29636660    -0.025694092
      0.12235039      0.47550224      0.61077078      0.77390864      0.56762750
      0.58612178      0.45097363      0.30058162     0.038441463    -0.062983604
     -0.11180006     -0.15027838     -0.33478473     -0.19494153     -0.19503182
    -0.068777173     -0.20353407    -0.087933569    -0.053503220     -0.10675890
     -0.23691104     -0.26177072     -0.30316840     -0.30259656     -0.44755616
     -0.23427760     -0.14167080     0.087814704      0.11303554      0.31802252
      0.45915987      0.45813659      0.26204311      0.22854575      0.12824930
     0.090282614     -0.17586037    -0.076331384     -0.11029524    -0.076210998
     -0.16926925    -0.096601349    -0.010540524    0.0082998590    -0.065090357
     0.047229629     0.043437475      0.12356930    -0.084201608   -0.0020683712
    -0.053533316    -0.097413954     -0.23141844     -0.21635516     -0.15840443
     -0.12568958     -0.23259220    -0.066173829    -0.038560328     0.087739463
    -0.072614471     0.046386928     0.066115157     0.065543324    -0.019674800
     0.028645065     0.075068854     0.086701135    -0.067799038     0.061585640
    0.0058018529     0.095022806    -0.041916083     0.077943066      0.15131823
      0.14147669     0.019947189  -0.00012714954    -0.074134343     -0.11356070
     -0.34572479     -0.19649150     -0.18093163    -0.024655764    -0.027921230
      0.15285315      0.30724799      0.34112155      0.23406845      0.25317970
      0.15757830      0.10384107     -0.18595774     -0.14301009     -0.22208854
     -0.19610024     -0.28622409     -0.17918603    -0.036288045     0.046988857
     0.013762366      0.18346125      0.19563527      0.29480310     0.075791169
      0.13627000     0.068252006    0.0032286057     -0.13765292     -0.11286849
    -0.029967789     0.062593871     0.010391563      0.23373739      0.28484117
      0.39093119      0.17763759      0.19543964      0.12230525     0.017088025
     -0.17331722     -0.21211156     -0.22737046     -0.23873188     -0.41634613
     -0.26777496     -0.27409522     -0.15363414     -0.25098114    -0.093305787
     0.034589116     0.080772133     0.022415098     0.096422291      0.11694808
      0.17232556   -0.0079371807      0.13384724      0.13592389      0.22225559
      0.13262833      0.21754549      0.28014613      0.23170588     0.059809949
     0.053233873    -0.045512610    -0.065993250     -0.31553804     -0.24216287
     -0.26527695     -0.23197522     -0.31073766     -0.22943207     -0.11663054
    -0.057942448    -0.088460257      0.10325419      0.16161122      0.31528374
      0.15070126      0.26094459      0.22979475      0.16165637    -0.026777564
    -0.059537560    -0.058499232    -0.068416015     -0.23721201     -0.10463710
     -0.11065640   -0.0090206532     -0.15963838    -0.062005470    -0.029501294
    -0.049018847     -0.13292778    -0.072223217    -0.016951070     0.051337796
    -0.066158781      0.10123772     0.099898432      0.21728967      0.10653470
      0.21665765      0.28538291      0.24564054      0.10135811     0.060261396
    -0.056362383     -0.13431221     -0.45005417     -0.38331527     -0.44134124
     -0.34584518     -0.37366935     -0.21509111    -0.022834928     0.072284931
     0.043076318      0.16728440      0.17437212      0.24565558     0.044430658
      0.15947437      0.14049856      0.16769071     0.060727891      0.11231322
      0.18067733      0.18291952     0.045875288      0.14776685     0.085512325
      0.12895656     -0.12463620    -0.085254984     -0.13262681     -0.19292507
     -0.29596029     -0.26235760     -0.17781664    -0.090702443     -0.15008276
     0.073323259      0.12659399      0.25615925      0.11806165      0.20964517
      0.22929816      0.20287347     0.085993868      0.10483425      0.12105624
      0.13413315    -0.069725211     0.043949115    -0.033684701  -0.00056354819
     -0.17515311     -0.11914360    -0.056151708    -0.073923667     -0.16024031
    -0.091439807    -0.078242509   -0.0014965384     -0.17313664   0.00047477965
     0.034498827      0.13915926     0.095203385      0.22454292      0.34708065
      0.37729750      0.24171295      0.28878381      0.18338601      0.15411720
     -0.16040584     -0.15295697     -0.26237265     -0.32708003     -0.48711796
     -0.46981249     -0.39654266     -0.34118022     -0.38674626     -0.15697485
    -0.064909778      0.14176261     0.082472583      0.28318587      0.35629017
      0.36372399      0.27220066      0.28705326      0.30104812      0.28742947
     0.081795412      0.15808994     0.053038246     0.060441975     -0.18299324
     -0.18920815     -0.22791220     -0.32048891     -0.46653198     -0.43786510
     -0.41184671     -0.33297894     -0.41344182     -0.17122552    -0.071756722
      0.13094293      0.14371888      0.33182175      0.47652552      0.50627587
      0.39496412      0.41108077      0.29782780      0.24484298     -0.10563029
    -0.088354920     -0.22061381     -0.25602229     -0.40936375     -0.36650640
     -0.28181496     -0.24473612     -0.30694550     -0.16049613     -0.12568958
   -0.0098483058     -0.11768392     0.059223068      0.14084467      0.22633366
      0.20532633      0.30313982      0.40293968      0.42010971      0.25235205
      0.32843590      0.22964427      0.23096851    -0.069740260    -0.085962251
     -0.16204610     -0.26429882     -0.42606729     -0.43180066     -0.38703218
     -0.31204685     -0.38053134     -0.13932327    -0.055248814      0.12991965
     0.092720427      0.25316465      0.35759936      0.37549171      0.28159076
      0.32271757      0.30557763      0.30479513     0.050720818      0.12376492
     0.022023844     0.021376771     -0.17766616     -0.14108392    -0.092207266
     -0.11538154     -0.21486539     -0.13938347     -0.14502655    -0.086323409
     -0.26174062     -0.11559222     -0.10755646    -0.032691518    -0.069379102
     0.056363904      0.18433405      0.23695771      0.14239463      0.24917687
      0.19780221      0.22922292    -0.022368433     0.022655870    -0.041569974
    -0.079897815     -0.22339773     -0.21703233     -0.16334025     -0.13896212
     -0.24794139    -0.084201608    -0.063886498     0.057778438    -0.069800452
     0.047350015     0.085406987     0.063556958    -0.028387725     0.013687125
     0.043753488     0.085783193    -0.078889583     0.076633870     0.050630529
      0.12247078    -0.035610875     0.021060758     0.049291236   -0.0069891422
     -0.15479285     -0.13538064     -0.14424404     -0.10541961     -0.27879026
     -0.12582501     -0.12137074    -0.040260778     -0.11419273    -0.014498209
      0.10731721      0.14359849     0.071487375      0.16108453      0.13520158
      0.17593714    -0.062893315     0.024521851    -0.014573450    -0.013640460
     -0.11768392    -0.061704505     0.015793877     0.033340113    -0.076737686
     0.037192460     0.012242495     0.075384866     -0.12877446    -0.040501549
    -0.047589266    -0.060681225     -0.13626848    -0.068235437    0.0098648749
     0.048854838    -0.077956593     0.071983967     0.058410464      0.15270267
    0.0042518853      0.10059065      0.12519451     0.072856764    -0.064563669
    -0.058649714    -0.052178976   -0.0046265702     -0.16210629    0.0061931069
    0.0084352931     0.092208787    -0.038620521     0.045288407     0.098860105
     0.086415219    -0.019223353     0.038065257     0.031278506     0.062172521
     -0.14525228    -0.023000458    -0.048747979   -0.0015868278     -0.11581794
    -0.052434796     0.029623200     0.028344101    -0.069981031     0.025048539
     0.020368539     0.084188081     -0.11745820    -0.014754029    -0.032059493
    -0.025543609     -0.11536649    -0.050719297     0.038471559     0.077973162
    -0.050538719     0.066461266     0.032121206      0.10244158    -0.085616142
    0.0025514353    0.0042067406    -0.015416151     -0.13649421     -0.10958797
    -0.055278911    -0.017387469     -0.13855581     0.022580629     0.029924165
      0.12697020    -0.020081102     0.068643260     0.098604285     0.064790913
    -0.055609972    -0.039132161    -0.051065407    -0.041103479     -0.22688892
    -0.081733699    -0.084126367     0.018607896    -0.084668103    0.0079236533
     0.069470912     0.053610078    -0.056618203    0.0038004384    0.0084051966
     0.060502167     -0.12553909    0.0081493767   -0.0037688211     0.048538825
    -0.064202511   -0.0011805256     0.078861008     0.078274127    -0.034136148
     0.049155802     0.019239922     0.072014063     -0.14642604    -0.042382578
    -0.048943606    -0.050207658     -0.13849562    -0.086910289    -0.018079687
     0.016832205    -0.097444050     0.038411366     0.028419342      0.10984531
    -0.055865792     0.039299212     0.049787828     0.032647894    -0.076873120
    -0.044399041    -0.011714286     0.017449183     -0.13014385    0.0066896985
  -0.00038296944     0.082939078    -0.065571900     0.018938957     0.070388854
     0.048794645    -0.049786307   -0.0030766025   -0.0014814902     0.031278506
     -0.15873549    -0.032977435    -0.048853317     0.018231691    -0.084893827
   -0.0062818754     0.065091877     0.060321589    -0.046957240     0.019932140
     0.029186802     0.081539592     -0.10677395    0.0078484121    -0.012978338
     0.018171498    -0.099866815    -0.038259363     0.034318248     0.051909628
    -0.050659104     0.065031685     0.043798633      0.10736235    -0.093742186
    -0.010269656    -0.016409334    -0.026687275     -0.12960212    -0.086338457
    -0.011428370     0.035672589    -0.079235692     0.071818436     0.054407634
      0.13262833    -0.030268753     0.055536252     0.053309114     0.028599921
    -0.087512219    -0.052013445    -0.029395956    0.0030630751     -0.15942771
    -0.033097821    -0.062411772     0.012949762     -0.12552405    -0.037025408
     0.023032076     0.010722624    -0.088309775    -0.028327532    -0.024896535
     0.031007637     -0.14066257   -0.0033173742     0.019330211     0.080290589
    -0.020562645     0.050690722      0.12028878      0.10137316    -0.025709140
     0.039178826     0.015252141     0.046793230     -0.15309240    -0.056919168
    -0.073396979    -0.053984763     -0.16398732     -0.11202578    -0.029772162
   -0.0033023260     -0.10358373     0.019194777     0.027456255      0.11663206
    -0.060967142     0.050720818     0.060441975     0.051473230    -0.062592351
    -0.028162001     0.012724039     0.040518119     -0.11449369     0.014258958
   -0.0013761526     0.060321589     -0.10945254    -0.041539877    -0.023888304
    -0.040968045     -0.14835221    -0.094765465    -0.057054602   -0.0066881776
     -0.14304019     0.016471048     0.025680564      0.11068801   -0.0079973736
     0.076979979      0.12570615      0.10484930    -0.017477758     0.016817157
    -0.010630814    0.0098498267     -0.19996764    -0.091093697     -0.10092019
    -0.057776917     -0.15271620    -0.073186304    0.0013475770     0.011881338
    -0.092237363    0.0048989591    0.0011970947     0.076483387    -0.092568424
     0.028735355     0.025710661     0.056288663    -0.042232096     0.015553106
     0.085346794      0.10199014    -0.025152355     0.082833740     0.055461011
      0.11452531    -0.092794147    -0.020427211    -0.033504123    -0.066730614
     -0.17760597     -0.14111401    -0.086308360    -0.029426053     -0.14582411
     0.026779085     0.031444036      0.12245573    -0.028387725     0.062503582
     0.093833996     0.070238372    -0.032330361     0.022460243     0.039976382
     0.065769048     -0.10863993     0.023709246  -0.00062374111     0.064038501
    -0.080364310    -0.024475185     0.017027832    -0.019163160     -0.14177613
    -0.092493183    -0.093004822    -0.032586181     -0.18374565    -0.027876085
   -0.0098483058     0.048283005    -0.033263351     0.031293554     0.093081584
     0.092389366    -0.034000714     0.056469242     0.039148730     0.097219848
    -0.097820256    -0.011879817    -0.030193512    -0.041494733     -0.16782462
     -0.14340134    -0.084427332    -0.055519683     -0.16335530    -0.041028238
    -0.044444186     0.040232202     -0.12052803   -0.0096978235     0.031865387
     0.043979211    -0.023557243     0.029472718     0.074978564     0.095263578
    -0.072870291     0.045724806     0.022911690     0.090177276    -0.061779746
    0.0021150367     0.027471304   -0.0076362161     -0.13503453    -0.099084307
    -0.084698200    -0.047002385     -0.20481317    -0.064909778    -0.062125855
     0.019706417    -0.078377943     0.015237093     0.095459205     0.097475667
    0.0025213389     0.071276700     0.062067183      0.10794924    -0.099234790
    0.0049140074    -0.012301167    0.0072615312     -0.11666064    -0.071094600
    -0.023165989    -0.021224767     -0.13751749    -0.036694347    -0.042081614
     0.033987187     -0.13551607    -0.014738980     0.013942945     0.046492266
    -0.042653446     0.017584617     0.082066280     0.094631552    -0.039989910
